simout1 <-
structure(c(38.0374237927667, 34.99943214571, 23.9742401568055, 
23.3780901669762, 33.8096291637404, 29.683584209644, 27.0491059051654, 
25.4273840465852, 30.7418950897572, 29.6593045693082, 34.1070253793814, 
21.6075407801826, 29.9382036940998, 28.1619176230653, 67.527289796491, 
38.3460485601854, 32.5080344964547, 33.0022857698623, 54.9349393687831, 
30.1866032141962, 29.5444947269881, 34.5995578920928, 38.4646885089892, 
49.1066220124963, 27.9659085089801, 36.7744786723833, 37.2058883115682, 
41.8182479423626, 30.0172276870347, 23.6346669607171, 32.3480952966437, 
28.360543054991, 35.1999989554021, 24.569456539098, 82.7202769105602, 
35.2010799226196, 32.8632622886973, 29.1037285039526, 23.4835528965468, 
38.1135359715185, 33.8385604634898, 28.0846452307825, 28.1579915828422, 
33.3860046739004, 52.4950570028755, 29.3483414527247, 26.8916416724123, 
27.3706583685166, 28.6359091526619, 31.3097356909315, 29.7237270252547, 
30.7549286282184, 43.4231482355345, 33.0335354609306, 22.8471592782026, 
36.3225383647336, 31.7723968068298, 30.1955027561275, 44.774735848307, 
29.5267748095286, 25.8128339185872, 25.5074598137629, 24.9840963525522, 
37.7532470168761, 35.9022507134589, 28.6554581271645, 32.4603163657771, 
29.9330535164967, 45.275209588809, 31.7839803832145, 34.1388018030634, 
42.3430142293541, 23.146964826976, 46.9024191820981, 37.0258638154687, 
30.3655442705277, 36.9262246519352, 29.2160744275646, 32.9083673836094, 
23.4883530267706, 35.7773055359589, 36.1036760080295, 23.3108101518144, 
28.5401281335372, 44.4590368695004, 33.9320603336131, 28.6459963325057, 
31.0026571002381, 40.005961700452, 32.12674911055, 33.5169546523351, 
32.7530321574024, 29.2893249909029, 31.9363353435585, 35.0982006591068, 
34.2865936391979, 32.3641517314871, 33.4529972612517, 27.9235466015995, 
25.6029525200157, 37.5466362008847, 33.6419861777766, 28.1174866911597, 
27.2886080324637, 53.301729332462, 21.3708709741341, 27.8067560315047, 
30.8425965002736, 29.551456849069, 39.9467418185975, 36.0467400338795, 
30.4946897420238, 42.2592821830333, 29.5096317351719, 37.8459711091585, 
26.8329815243549, 26.2130703942892, 37.9480010411984, 33.4391469057745, 
30.3511605668198, 27.1957187037886, 28.9419582438158, 33.6573215346361, 
34.89414535994, 36.9619846524802, 64.4497914023177, 24.6519013717121, 
28.9235854876902, 33.7346582482707, 68.2717824375226, 39.0985873150202, 
31.6199351617623, 35.687694346886, 24.7032752200319, 37.3464103989531, 
31.6285640583843, 28.5398594508091, 32.9351494121083, 25.5693036733446, 
34.6654271368092, 26.5016581495587, 33.8571557442051, 26.8481698983008, 
24.2974507485787, 32.2136511883084, 30.275551492847, 30.1122714179625, 
57.9883210444989, 29.112388475937, 22.1489073167899, 50.9449362468233, 
27.8172781799483, 24.3792681121043, 30.5088626874543, 31.3134646804552, 
37.4403418811271, 36.2403572775961, 23.3089317608112, 33.5847303914699, 
21.1723202149134, 34.2550095715166, 35.9626067438023, 33.0797140292998, 
30.658529339473, 24.3034729089931, 29.5855441035527, 31.1660813793645, 
31.7084803879079, 41.0047596279786, 22.5532905551609, 24.3600083356096, 
27.3755274549512, 23.1497311393267, 32.8606367505094, 26.5971553758428, 
24.8793241949208, 27.3167573284903, 24.5068285677443, 30.7400372108713, 
22.3632039267554, 34.0018424143372, 35.5184070122397, 25.337355943841, 
33.4438072275374, 28.0644956079278, 32.0750953741585, 30.7174878038335, 
27.1315335196226, 29.3988096927507, 33.0571793217224, 29.0659728494515, 
36.6838106012452, 25.9741840762783, 27.4112785028551, 26.9312666026127, 
24.7727595774218, 32.1990685257406, 29.9348091033847, 26.4826282339934, 
27.8613861950064, 28.954699402448, 33.4317764117952, 27.8857488222552, 
37.5292272892647, 41.8642009299732, 31.9005192078737, 27.9936173363182, 
29.7588628191151, 44.7376526024965, 36.5779381829303, 21.465070536987, 
39.8659522363661, 30.9933797432284, 35.0315949256698, 21.0427771719281, 
26.047585661073, 26.6235953489828, 27.3201840435204, 38.3116015440551, 
57.5801112289223, 29.0990454765201, 21.9998232180722, 29.8996236943409, 
34.2942659070975, 45.0592874703767, 31.8178873363168, 21.1412111849696, 
30.4323354653646, 26.6563639903948, 26.1223725893171, 27.3798586771515, 
39.2510215161798, 36.2135344329409, 36.1546946664435, 32.6991172576207, 
27.6403896113117, 25.8793582897348, 26.8942444405807, 29.9265466864443, 
30.1876424912897, 28.5911821281566, 34.2244534623976, 32.0983510935564, 
26.2983539143022, 30.650008741516, 33.3648927648897, 29.4700088810071, 
35.191463225323, 22.9237517360842, 29.9209550402791, 22.2552706197001, 
41.1257035601653, 32.8540028239605, 29.8539262001982, 34.7978531507814, 
29.5330988015659, 24.0505375102452, 36.9223117177537, 37.4224555646194, 
25.2982549390908, 24.3911943704641, 33.1676692687575, 36.2098496407086, 
45.5749434887887, 32.9857976075423, 23.2249259482292, 34.8754379844156, 
47.5962638926782, 36.0014692600817, 38.5543530972394, 21.1915304433183, 
27.1242715712144, 43.6244183870033, 25.3685769860342, 28.2713502804772, 
21.8088902188643, 25.1741689921402, 27.9654545877929, 44.4536684013881, 
35.1989650594672, 30.6193724859599, 27.0501857697004, 47.7171739050566, 
39.5154146564496, 30.845548001716, 25.9045262403855, 35.0373820911726, 
42.9686842561849, 56.1529068414724, 40.807491650433, 49.6268075272806, 
33.3129678508879, 28.3610180282509, 25.6936955866128, 33.1144548480393, 
26.1514384694988, 25.1274816932323, 27.3751841281423, 20.7117709877887, 
30.7845149165439, 31.0385789501426, 33.8213828966376, 28.5734412601953, 
24.7309034801177, 23.5798603448014, 23.4501511733656, 33.3560552287345, 
28.5793320534929, 32.9689071881341, 32.5549248483046, 21.859412013861, 
37.5314052663276, 26.8878828156676, 25.8793507686414, 29.8510117504557, 
24.6938567954669, 39.9550027172593, 36.4137756732021, 27.8822122602205, 
21.0174289755209, 22.2022315214686, 30.8795918727322, 27.4790151543669, 
25.7964928592835, 33.0549817040201, 24.7517441544902, 46.262749542592, 
59.2350132525923, 38.5658709817334, 36.980173751303, 41.3602226928473, 
28.5863935153329, 25.5448261789492, 26.9337638005622, 35.7084225686717, 
44.9027858099954, 28.6907086052673, 39.0082356730646, 27.8447343098435, 
38.184485425485, 52.5665273635507, 36.2232758997044, 32.6517121200226, 
28.3517172148924, 30.5012854088135, 31.5537443840419, 26.7498929183239, 
26.4072509676969, 29.6170315518905, 27.0021634286808, 32.184085807156, 
32.5923632228783, 51.4869656401331, 52.3443446434945, 26.8371193178313, 
25.5129443427035, 46.6329906584001, 45.382117929777, 32.6206553599071, 
45.9745006074672, 29.7402299630196, 32.5215089873252, 25.1400964382543, 
30.7003277702231, 29.3547911677086, 31.6927801713267, 40.6628241144456, 
34.3903592449165, 31.7962883242708, 35.6150947075083, 35.0923187767431, 
21.7982991706988, 30.0329202184962, 30.9778523160864, 33.1612097169427, 
30.133357781441, 29.5226350982372, 32.7485342688686, 21.2281878174012, 
36.0654685566927, 30.8126301142359, 21.4892056098489, 32.5571357519249, 
41.5926438782967, 35.8568563719105, 27.717627636214, 35.6617273388076, 
37.9786011759692, 24.8589564552916, 22.2250530982558, 31.9530409276211, 
24.6203245397579, 35.3526539213036, 30.1289602674289, 32.7361571242917, 
31.7725767515887, 28.4737758719682, 31.1889979945227, 27.1203110727179, 
30.4648071743894, 34.7163660409447, 30.0867757470077, 29.1917110425322, 
22.0647431757897, 37.3924135404407, 25.2970740407419, 24.813477131399, 
36.4285385269594, 31.821938732737, 25.7002453084975, 27.7240965020526, 
32.837100121199, 39.4176400053041, 27.5828777684166, 46.5001550804931, 
45.279670177766, 23.419234605573, 31.9099863308883, 23.4102684158789, 
28.6265476862985, 27.2896401040097, 20.584680833386, 24.9071399950149, 
24.6115465151846, 26.9492876849396, 32.7374560989605, 25.7999821017951, 
31.3631934957787, 32.1809798700816, 29.2941929863638, 30.8570877108803, 
33.7601142911358, 25.5663905611, 30.5693804425636, 27.2599207298985, 
26.9657074986249, 32.3243851606772, 23.2625241628982, 29.8710003268457, 
